129 130 3 4 5 134 6 132 139 15 16 143 17 21 153 25 156 30 32 33 34 165 166 168 170 171 173 174 47 179 55 183 185 187 189 61 62 63 195 196 67 198 70 74 82 84 86 87 93 101 105 106 109 110 112 113 114 120 1
128 7 137 139 141 15 145 146 21 23 151 153 158 159 30 163 164 165 38 39 167 169 168 44 45 174 46 48 176 180 53 54 56 188 61 62 191 60 69 198 200 75 84 89 90 91 97 101 102 104 106 107 110 111 112 113 118 120 121 124 126 127 49
129 2 5 7 8 137 10 12 13 142 17 19 22 23 152 153 154 150 28 29 30 155 158 33 162 163 36 37 167 40 41 169 171 48 49 177 52 182 58 186 60 193 198 199 72 77 82 84 88 91 94 96 97 100 101 103 104 105 112 119 120 122 124 1
128 2 3 4 133 134 7 8 12 14 15 146 19 147 150 25 32 33 34 35 37 39 41 42 45 47 177 182 56 186 187 59 189 63 66 196 200 75 79 80 83 89 90 95 102 109 114 116 119 120 122 124 57
1 5 7 10 16 17 18 20 22 25 26 27 30 32 33 34 37 41 43 44 48 49 50 58 61 64 65 70 74 75 80 84 87 88 89 95 98 102 103 105 109 114 116 117 118 125 127 128 131 132 134 135 141 144 149 154 155 156 157 160 163 166 167 170 173 174 176 177 182 183 185 187 188 190 194 196 199 200 70
128 131 6 136 9 10 140 14 17 18 148 20 28 31 160 34 163 164 166 38 172 44 175 176 50 180 181 186 60 61 192 197 199 77 88 92 99 102 103 115 122 124 127 64
130 138 10 11 146 147 18 148 151 152 153 154 157 30 32 33 161 162 36 166 171 175 48 177 49 181 54 57 188 64 66 67 198 76 88 89 90 91 92 93 96 97 98 101 109 114 116 122 126 127 50
131 3 5 11 12 13 15 16 145 144 19 20 21 147 152 153 26 158 31 162 167 168 43 44 171 173 174 49 182 55 185 186 59 60 188 192 193 194 195 197 198 71 72 70 199 74 77 78 81 83 84 88 89 91 93 96 97 101 102 103 107 109 112 113 115 116 118 120 127 1
1 2 131 132 134 8 139 143 16 144 146 147 17 149 150 145 23 25 27 28 156 30 158 32 37 40 169 41 42 168 174 48 49 177 183 184 60 61 192 194 67 74 77 78 80 81 83 101 105 106 108 111 113 118 119 120 121 125 32
1 3 5 134 7 138 139 11 13 142 141 15 12 16 147 19 149 148 23 151 153 154 155 157 29 160 33 35 36 165 168 169 170 46 175 49 178 179 180 181 50 54 184 51 188 62 63 192 65 66 195 197 199 200 73 74 76 78 82 84 87 88 89 90 91 104 106 110 117 120 124 126 65
128 3 7 138 139 12 15 143 145 148 21 22 155 157 160 161 34 162 38 40 171 176 52 181 54 183 56 185 57 187 188 63 193 66 194 68 196 198 72 200 75 79 82 85 86 87 92 94 101 102 106 107 108 110 111 113 116 10
128 129 131 132 10 139 11 13 144 148 154 27 156 155 162 38 169 43 174 47 180 181 54 59 62 190 193 68 75 79 81 82 84 87 88 93 96 97 98 108 109 113 116 120 121 127 26
129 135 7 9 10 12 141 142 13 16 18 146 21 151 153 154 26 30 31 36 164 42 43 174 47 176 48 178 51 53 54 55 56 186 190 192 69 200 75 76 81 82 86 106 109 112 114 119 124 127 30
130 131 133 140 15 17 18 23 155 28 160 32 166 169 170 41 47 177 50 53 182 183 184 185 55 57 60 64 193 65 71 76 78 89 94 101 102 103 105 110 115 121 125 126 47
130 131 4 133 7 10 12 141 147 20 149 22 151 152 24 30 33 161 35 37 42 171 44 173 47 176 49 50 52 181 56 185 57 59 187 184 190 191 188 61 194 195 69 73 81 84 85 89 90 97 103 104 110 114 121 122 123 127 47
128 2 3 132 4 135 140 14 144 16 19 149 23 26 154 159 33 36 165 40 169 44 174 175 52 184 188 191 192 194 67 196 197 73 75 76 83 84 91 94 96 97 99 101 103 105 107 114 117 123 9
129 130 2 132 5 6 135 3 137 15 144 18 20 21 29 162 165 38 39 168 166 42 174 176 183 184 186 61 192 66 67 196 199 200 79 96 97 99 102 110 112 115 119 121 124 28
1 2 132 133 7 136 11 13 16 145 20 149 150 151 153 154 155 156 29 160 161 163 168 40 43 44 171 46 49 50 179 178 54 183 55 187 189 62 61 192 64 66 69 199 200 72 74 71 78 86 91 93 95 98 101 104 111 119 122 86
128 130 2 133 134 9 138 11 12 141 13 16 18 19 21 152 25 154 26 29 31 159 34 171 45 175 176 51 181 55 185 190 191 66 68 70 200 78 84 85 91 94 102 104 105 111 112 115 116 124 127 85
130 132 133 136 139 13 142 143 144 17 22 23 26 30 31 33 34 164 38 40 42 43 172 173 174 46 47 177 50 179 180 52 54 184 185 59 62 63 192 194 66 196 68 73 80 81 83 85 86 87 92 93 98 110 113 121 127 66
