129 137 141 142 145 147 19 148 151 23 156 32 162 163 34 35 167 171 172 177 51 180 55 56 186 60 62 191 65 67 196 198 199 87 95 97 101 103 104 108 110 111 112 30
130 2 153 5 134 9 139 141 15 145 146 149 22 150 152 24 154 155 156 29 30 31 160 158 161 35 34 157 166 33 168 172 44 47 48 176 177 52 53 55 58 186 60 188 61 189 194 69 200 81 82 83 84 85 86 88 89 90 91 94 95 99 105 106 112 115 116 117 120 121 124 125 127 25
128 1 5 135 7 137 139 140 141 143 146 18 22 151 153 154 30 160 32 34 33 165 38 39 169 170 173 46 174 176 45 49 181 182 183 187 72 73 77 79 85 95 96 98 103 122 124 126 88
128 135 136 139 142 16 18 29 148 21 20 24 26 155 156 157 30 31 27 161 34 35 163 37 166 167 40 38 42 169 41 173 46 174 48 177 178 49 180 51 54 183 57 59 60 189 192 193 194 68 197 200 74 77 85 87 89 92 97 101 106 109 114 116 119 122 126 21
1 2 5 7 136 135 13 141 16 145 18 19 148 150 26 29 30 32 162 164 38 172 44 175 48 177 50 181 189 190 61 65 66 67 68 71 77 83 91 93 101 102 109 111 112 116 118 121 126 93
3 132 134 7 136 8 9 11 140 138 10 15 13 145 17 20 22 24 26 157 33 39 171 173 47 179 54 55 183 60 192 68 72 73 74 75 77 78 79 82 83 84 88 97 101 103 109 111 118 121 122 8
3 132 5 6 7 136 9 138 11 12 140 14 13 16 10 18 28 157 34 37 167 168 8 172 46 49 137 179 180 53 52 187 60 64 67 71 72 75 78 84 89 91 93 94 97 102 107 110 113 118 121 122 123 80
128 1 130 132 134 135 8 6 139 13 14 15 141 147 19 22 153 26 28 159 160 162 34 36 38 168 41 42 171 173 46 175 174 178 180 52 54 61 190 191 192 64 66 193 65 72 73 75 76 82 84 85 87 95 97 104 109 115 118 119 121 122 125 127 31
128 129 2 5 6 7 8 136 138 141 143 144 145 146 19 15 147 22 152 24 27 156 159 31 161 34 162 36 38 39 41 169 45 47 49 51 57 194 197 70 198 76 81 88 90 91 93 95 97 98 100 103 104 105 110 114 117 119 120 121 122 125 41
1 4 132 134 137 10 139 13 142 16 17 18 147 19 23 24 152 26 155 27 160 35 165 166 39 167 45 49 54 55 58 60 194 68 73 80 84 85 94 102 105 116 118 4
130 131 132 134 136 139 11 14 142 143 17 18 150 23 154 156 31 160 33 163 166 39 40 169 168 171 172 44 46 174 177 178 52 180 181 186 60 61 189 190 38 69 71 72 74 77 81 83 84 91 95 97 100 104 107 108 110 111 112 116 117 124 125 126 127 21
132 7 137 138 149 150 25 28 30 161 172 173 50 179 181 184 186 192 193 67 200 72 74 76 79 85 87 89 93 97 100 104 106 110 113 114 11
128 130 132 7 136 8 10 11 9 14 143 15 145 142 19 147 149 17 18 152 25 154 27 153 157 26 163 166 39 168 173 48 49 51 180 181 54 55 56 187 189 62 64 194 67 197 70 199 71 75 82 83 84 86 87 89 91 92 94 99 109 113 115 118 119 123 28
131 134 136 9 12 141 15 146 19 24 155 28 29 35 163 165 168 41 170 42 46 177 52 181 54 56 185 57 60 193 67 68 196 70 198 197 73 76 82 85 87 91 95 96 97 100 104 109 111 113 114 118 126 39
1 6 135 8 10 14 142 144 17 146 20 151 153 154 27 28 25 158 164 40 43 172 49 177 53 54 56 57 185 62 191 192 196 75 77 78 87 91 96 97 101 105 118 121 81
128 3 132 5 134 7 8 137 136 139 140 143 15 146 21 149 152 26 27 155 30 161 162 163 35 37 166 39 36 169 170 41 172 44 173 168 48 49 43 51 52 53 54 176 185 58 59 187 61 165 192 73 167 82 84 89 90 92 93 100 106 107 108 112 113 116 121 122 123 124 18
130 133 135 8 10 146 20 150 23 152 153 25 26 29 164 37 165 39 168 40 42 171 172 44 52 55 183 56 186 184 188 60 62 63 191 198 199 72 75 79 82 84 85 86 88 92 94 96 99 105 109 110 111 115 118 120 124 25
1 3 132 6 10 140 146 148 153 158 159 160 32 162 36 40 41 173 174 47 45 50 179 181 54 62 195 197 69 71 199 73 74 72 79 80 84 85 89 92 93 103 109 110 111 115 119 121 123 67
1 129 3 2 131 133 132 8 139 12 141 143 15 156 18 147 19 148 149 151 23 153 154 155 28 157 27 31 160 161 162 163 164 37 36 167 165 41 40 172 173 175 177 50 181 182 184 56 58 187 188 189 63 64 193 192 195 68 200 79 82 86 87 92 98 102 103 105 106 21 111 112 117 118 24 29
1 2 3 4 133 134 137 10 11 140 14 143 16 17 18 146 20 147 151 24 25 23 27 28 157 30 31 155 164 165 168 41 171 44 45 176 49 50 59 188 61 60 63 71 81 91 92 94 95 97 99 101 102 108 118 119 124 75
128 1 7 8 137 136 11 10 142 15 144 143 18 146 17 155 28 29 33 37 165 170 42 47 177 178 179 180 53 185 186 57 189 64 194 81 83 85 92 94 99 104 107 112 118 121 123 124 19
2 134 136 9 8 11 17 148 26 33 35 165 39 167 41 42 44 173 177 50 53 183 185 57 60 190 63 196 197 70 72 80 85 94 97 104 107 108 112 113 115 118 123 125 96
130 4 134 6 136 137 9 140 13 12 143 16 17 145 20 150 23 151 152 154 27 156 159 32 33 34 37 166 165 168 40 170 43 172 44 42 177 178 52 54 182 57 58 188 189 63 64 194 69 198 199 73 76 77 78 82 88 93 94 95 98 99 102 107 112 116 127 19
128 129 132 7 9 138 140 12 19 21 24 152 153 27 155 156 31 161 34 164 37 38 169 44 172 174 49 52 53 182 183 184 61 62 189 190 195 197 199 79 80 82 84 86 89 93 94 106 109 110 111 112 113 41
2 131 130 4 132 7 135 137 10 139 12 13 11 143 144 17 16 147 149 23 152 153 26 155 156 157 158 31 32 28 163 35 40 41 42 9 47 176 49 178 179 50 181 54 185 58 59 187 60 190 189 186 196 198 73 77 80 87 89 90 91 151 93 94 97 106 107 108 113 117 119 120 123 65
