1 4 133 135 12 14 143 16 145 18 147 148 21 20 156 162 41 172 45 44 47 175 177 178 179 53 182 183 189 192 69 70 200 86 87 92 97 100 104 105 106 107 109 113 86
2 130 132 8 137 11 139 142 15 17 147 148 150 23 151 26 156 157 34 39 42 172 174 175 176 48 51 179 185 59 192 66 195 67 200 74 82 84 85 89 92 96 98 102 104 107 113 116 118 119 121 122 126 127 39
128 131 134 135 8 14 145 148 23 152 153 27 156 30 31 32 33 162 35 164 37 166 160 169 42 43 44 171 46 48 54 182 56 61 62 190 192 194 66 196 197 198 200 77 78 93 94 96 103 104 108 109 110 111 112 114 122 126 88
129 3 132 131 134 135 8 7 10 138 12 141 142 140 16 15 18 20 149 150 23 4 25 154 155 156 153 22 164 165 38 167 168 44 45 46 47 178 50 181 53 182 56 57 186 185 58 61 190 191 192 189 65 195 196 75 79 82 86 88 89 95 96 100 114 27
128 5 134 7 139 15 143 19 147 21 25 26 162 165 167 168 39 48 177 50 184 61 190 62 193 197 199 72 75 80 82 84 88 89 90 92 103 108 110 121 122 124 46
128 129 133 135 141 142 15 143 145 17 150 151 25 26 157 158 31 37 167 40 41 42 170 47 48 177 175 181 183 185 187 189 64 192 68 198 199 84 85 90 91 92 96 103 108 111 123 98
129 6 7 136 12 17 145 18 148 27 160 34 36 38 39 40 173 175 48 178 50 180 181 55 60 194 197 70 72 78 82 84 98 101 103 104 117 123 125 126 58
1 130 131 6 135 136 9 138 11 137 141 14 142 16 145 139 147 20 150 152 25 155 29 159 32 36 38 39 167 170 42 172 174 47 176 49 50 177 52 181 54 56 185 58 187 60 189 192 195 68 70 198 85 86 87 88 90 91 92 95 98 102 104 107 112 113 114 115 118 122 17
129 4 6 135 134 10 13 142 14 16 145 18 21 22 150 152 153 24 25 149 158 31 32 33 161 160 162 167 40 171 43 173 174 175 48 177 179 181 53 182 58 187 188 61 63 191 193 194 197 69 72 73 78 81 85 86 90 91 93 96 97 102 104 111 112 115 116 118 120 121 123 124 127 46
2 135 8 9 138 11 12 140 142 143 17 147 152 153 156 29 158 28 160 33 34 35 36 38 39 166 41 170 44 46 175 176 177 50 178 180 53 181 55 184 56 186 57 190 68 69 198 71 72 200 80 84 85 86 88 90 100 107 110 111 113 117 121 11
1 2 4 135 10 141 142 15 144 14 149 24 153 26 28 29 157 156 162 163 167 43 44 45 174 175 47 177 178 48 173 183 184 57 58 59 55 61 189 191 68 69 70 199 76 79 80 82 84 85 86 89 91 93 94 99 105 108 110 112 115 120 121 122 123 54
128 132 7 8 11 144 17 18 20 149 24 26 155 30 159 37 165 38 172 173 47 48 177 178 49 55 186 62 63 195 199 200 78 79 80 81 83 88 95 102 109 111 116 118 26
129 3 132 137 12 14 15 17 146 21 150 151 22 155 36 37 39 43 174 51 54 59 187 60 64 192 66 198 199 70 76 82 84 86 89 91 94 98 104 108 110 115 117 120 123 72
128 129 131 4 5 6 8 136 139 140 11 16 17 148 21 150 152 25 26 27 153 158 31 32 161 34 160 166 168 170 171 172 44 173 175 179 52 51 183 184 57 186 187 188 189 190 62 59 66 67 197 73 77 78 80 81 82 84 86 89 96 99 101 104 107 111 112 114 117 121 123 125 36
128 131 134 135 8 139 12 13 15 145 20 150 152 25 154 156 29 32 163 38 166 40 169 167 45 175 49 52 181 180 183 58 59 187 189 190 191 64 65 198 70 200 74 80 95 96 97 105 116 117 119 124 125 127 53
